0 0.784375 0.5106481481481482 0.023958333333333335 0.0824074074074074
0 0.8046875 0.5180555555555556 0.016666666666666666 0.0712962962962963
0 0.8221354166666667 0.5291666666666667 0.021354166666666667 0.07314814814814814
0 0.8364583333333333 0.5342592592592592 0.014583333333333334 0.07407407407407407
0 0.85546875 0.5504629629629629 0.019270833333333334 0.0712962962962963
0 0.8854166666666666 0.5578703703703703 0.013541666666666667 0.06388888888888888
0 0.8721354166666667 0.5597222222222222 0.019270833333333334 0.06759259259259259
0 0.9002604166666667 0.5685185185185185 0.015104166666666667 0.06666666666666667
0 0.9135416666666667 0.5773148148148148 0.013541666666666667 0.06018518518518518
0 0.012760416666666666 0.5773148148148148 0.025520833333333333 0.0712962962962963
0 0.9239583333333333 0.5824074074074074 0.00625 0.05740740740740741
0 0.93125 0.5847222222222223 0.007291666666666667 0.05648148148148148
0 0.9388020833333334 0.5875 0.0109375 0.06574074074074074
0 0.53515625 0.6013888888888889 0.0359375 0.11388888888888889
0 0.029947916666666668 0.6078703703703704 0.058854166666666666 0.11574074074074074
0 0.14296875 0.612037037037037 0.0359375 0.12777777777777777
0 0.5700520833333333 0.6208333333333333 0.03697916666666667 0.125
0 0.6166666666666667 0.624537037037037 0.036458333333333336 0.11388888888888889
0 0.07057291666666667 0.6263888888888889 0.058854166666666666 0.09722222222222222
0 0.9604166666666667 0.6305555555555555 0.017708333333333333 0.05925925925925926
0 0.6515625 0.6365740740740741 0.028125 0.10833333333333334
0 0.684375 0.6398148148148148 0.036458333333333336 0.10925925925925926
0 0.7140625 0.6425925925925926 0.030208333333333334 0.10925925925925926
0 0.20677083333333332 0.649074074074074 0.059375 0.1259259259259259
0 0.7395833333333334 0.6560185185185186 0.023958333333333335 0.10277777777777777
0 0.25026041666666665 0.6606481481481481 0.06822916666666666 0.125
0 0.7630208333333334 0.6611111111111111 0.025 0.09444444444444444
0 0.7877604166666666 0.6657407407407407 0.028645833333333332 0.10740740740740741
0 0.80625 0.6712962962962963 0.025 0.0962962962962963
0 0.9734375 0.6726851851851852 0.016666666666666666 0.06759259259259259
0 0.8419270833333333 0.674537037037037 0.015104166666666667 0.0824074074074074
0 0.8859375 0.6763888888888889 0.014583333333333334 0.06944444444444445
0 0.3109375 0.6773148148148148 0.065625 0.125
0 0.8270833333333333 0.6777777777777778 0.01875 0.08703703703703704
0 0.8729166666666667 0.6796296296296296 0.013541666666666667 0.06481481481481481
0 0.85703125 0.6805555555555556 0.015104166666666667 0.08148148148148149
0 0.9106770833333333 0.6805555555555556 0.009895833333333333 0.05925925925925926
0 0.8984375 0.6810185185185185 0.0125 0.06944444444444445
0 0.9221354166666667 0.6856481481481481 0.011979166666666667 0.06018518518518518
0 0.9432291666666667 0.6930555555555555 0.0125 0.062037037037037036
0 0.9513020833333333 0.6939814814814815 0.0109375 0.058333333333333334
0 0.9328125 0.6990740740740741 0.015625 0.06851851851851852
0 0.35833333333333334 0.6995370370370371 0.0625 0.11574074074074074
0 0.9596354166666666 0.700462962962963 0.008854166666666666 0.05092592592592592
0 0.41796875 0.7023148148148148 0.0609375 0.12129629629629629
0 0.4671875 0.725462962962963 0.06666666666666667 0.1398148148148148
0 0.7119791666666667 0.7287037037037037 0.06145833333333333 0.06111111111111111
0 0.9856770833333334 0.7393518518518518 0.0140625 0.05462962962962963
0 0.9942708333333333 0.7912037037037037 0.011458333333333333 0.06018518518518518
0 0.9567708333333333 0.8203703703703704 0.026041666666666668 0.03518518518518519
0 0.921875 0.8208333333333333 0.025 0.03425925925925926
0 0.8950520833333333 0.8268518518518518 0.03177083333333333 0.03888888888888889
0 0.8625 0.8328703703703704 0.03229166666666667 0.041666666666666664
0 0.8098958333333334 0.8393518518518519 0.0375 0.04537037037037037
0 0.7721354166666666 0.8425925925925926 0.03802083333333333 0.03888888888888889
0 0.7236979166666667 0.8472222222222222 0.0546875 0.05555555555555555
0 0.6473958333333333 0.8629629629629629 0.0625 0.05185185185185185
0 0.5721354166666667 0.8680555555555556 0.07447916666666667 0.058333333333333334