0 0.8013020833333333 0.5171296296296296 0.024479166666666666 0.08055555555555556
0 0.8205729166666667 0.5300925925925926 0.019270833333333334 0.07685185185185185
0 0.8390625 0.5388888888888889 0.016666666666666666 0.06296296296296296
0 0.85703125 0.5462962962962963 0.022395833333333334 0.07777777777777778
0 0.8697916666666666 0.5467592592592593 0.015625 0.06944444444444445
0 0.8817708333333333 0.5560185185185185 0.016666666666666666 0.06759259259259259
0 0.0046875 0.5601851851851852 0.009375 0.053703703703703705
0 0.8997395833333334 0.5675925925925925 0.019270833333333334 0.07037037037037037
0 0.9130208333333333 0.5736111111111111 0.0125 0.06018518518518518
0 0.9231770833333334 0.5810185185185185 0.009895833333333333 0.06018518518518518
0 0.9317708333333333 0.5861111111111111 0.009375 0.053703703703703705
0 0.9401041666666666 0.5902777777777778 0.011458333333333333 0.06574074074074074
0 0.5356770833333333 0.6037037037037037 0.034895833333333334 0.11296296296296296
0 0.021354166666666667 0.6050925925925926 0.042708333333333334 0.09166666666666666
0 0.14348958333333334 0.6134259259259259 0.04010416666666667 0.1287037037037037
0 0.57578125 0.6175925925925926 0.03697916666666667 0.12407407407407407
0 0.6143229166666667 0.6189814814814815 0.030729166666666665 0.10648148148148148
0 0.06171875 0.6226851851851852 0.0640625 0.1175925925925926
0 0.9598958333333333 0.6291666666666667 0.020833333333333332 0.06388888888888888
0 0.6833333333333333 0.6328703703703704 0.03333333333333333 0.11018518518518519
0 0.6515625 0.6351851851851852 0.028125 0.1111111111111111
0 0.7138020833333333 0.6444444444444445 0.03177083333333333 0.11481481481481481
0 0.20260416666666667 0.6509259259259259 0.0625 0.1388888888888889
0 0.09817708333333333 0.6601851851851852 0.043229166666666666 0.08333333333333333
0 0.24739583333333334 0.6615740740740741 0.057291666666666664 0.1361111111111111
0 0.7653645833333333 0.6625 0.0234375 0.09351851851851851
0 0.790625 0.663425925925926 0.025 0.10833333333333334
0 0.74375 0.6638888888888889 0.03125 0.1111111111111111
0 0.9723958333333333 0.6652777777777777 0.01875 0.06944444444444445
0 0.2942708333333333 0.6722222222222223 0.059375 0.13518518518518519
0 0.8067708333333333 0.6726851851851852 0.023958333333333335 0.10277777777777777
0 0.8286458333333333 0.6773148148148148 0.019791666666666666 0.09166666666666666
0 0.8859375 0.6791666666666667 0.014583333333333334 0.075
0 0.8619791666666666 0.6800925925925926 0.01875 0.09351851851851851
0 0.8473958333333333 0.6810185185185185 0.019791666666666666 0.08981481481481482
0 0.8747395833333333 0.6842592592592592 0.013020833333333334 0.08148148148148149
0 0.8989583333333333 0.6842592592592592 0.013541666666666667 0.07592592592592592
0 0.91328125 0.6856481481481481 0.0140625 0.062037037037037036
0 0.35078125 0.6888888888888889 0.0640625 0.12407407407407407
0 0.9221354166666667 0.6898148148148148 0.0140625 0.06111111111111111
0 0.984375 0.6925925925925925 0.011458333333333333 0.05740740740740741
0 0.9434895833333333 0.6949074074074074 0.013020833333333334 0.06574074074074074
0 0.953125 0.700925925925926 0.011458333333333333 0.06296296296296296
0 0.934375 0.7018518518518518 0.015625 0.06851851851851852
0 0.4044270833333333 0.7125 0.0546875 0.10462962962962963
0 0.46822916666666664 0.7231481481481481 0.06458333333333334 0.1388888888888889
0 0.9927083333333333 0.7888888888888889 0.014583333333333334 0.05555555555555555
0 0.9236979166666667 0.8212962962962963 0.0171875 0.03518518518518519
0 0.9580729166666667 0.8245370370370371 0.0265625 0.03611111111111111
0 0.9765625 0.8273148148148148 0.019791666666666666 0.03611111111111111
0 0.8979166666666667 0.8277777777777777 0.034375 0.03888888888888889
0 0.8591145833333333 0.8300925925925926 0.028645833333333332 0.03611111111111111
0 0.77890625 0.8347222222222223 0.0484375 0.049074074074074076
0 0.8229166666666666 0.8375 0.035416666666666666 0.04351851851851852
0 0.7270833333333333 0.8379629629629629 0.052083333333333336 0.05185185185185185
0 0.6578125 0.8564814814814815 0.059375 0.05555555555555555
0 0.5859375 0.8685185185185185 0.06770833333333333 0.05555555555555555