0 0.78671875 0.5171296296296296 0.024479166666666666 0.08611111111111111
0 0.80625 0.5212962962962963 0.015625 0.07592592592592592
0 0.8203125 0.5314814814814814 0.017708333333333333 0.07407407407407407
0 0.8348958333333333 0.5337962962962963 0.017708333333333333 0.0712962962962963
0 0.8489583333333334 0.5398148148148149 0.01875 0.06666666666666667
0 0.86328125 0.5467592592592593 0.016145833333333335 0.0712962962962963
0 0.8763020833333334 0.5523148148148148 0.015104166666666667 0.06388888888888888
0 0.88828125 0.5634259259259259 0.013020833333333334 0.06388888888888888
0 0.9005208333333333 0.5671296296296297 0.015625 0.06574074074074074
0 0.9122395833333333 0.5745370370370371 0.011979166666666667 0.06388888888888888
0 0.011979166666666667 0.5773148148148148 0.023958333333333335 0.08055555555555556
0 0.9213541666666667 0.5824074074074074 0.014583333333333334 0.05925925925925926
0 0.9325520833333333 0.5930555555555556 0.011979166666666667 0.05462962962962963
0 0.94140625 0.5986111111111111 0.0078125 0.058333333333333334
0 0.5377604166666666 0.6037037037037037 0.0328125 0.11481481481481481
0 0.5744791666666667 0.6074074074074074 0.03333333333333333 0.12037037037037036
0 0.03125 0.6138888888888889 0.05625 0.10555555555555556
0 0.14375 0.6143518518518518 0.046875 0.13240740740740742
0 0.9557291666666666 0.6189814814814815 0.01875 0.06018518518518518
0 0.61484375 0.6259259259259259 0.03802083333333333 0.12777777777777777
0 0.078125 0.6365740740740741 0.06666666666666667 0.10277777777777777
0 0.6838541666666667 0.6370370370370371 0.027083333333333334 0.10555555555555556
0 0.653125 0.6402777777777777 0.03125 0.11388888888888889
0 0.7151041666666667 0.6425925925925926 0.030208333333333334 0.1111111111111111
0 0.7411458333333333 0.6444444444444445 0.026041666666666668 0.10555555555555556
0 0.22109375 0.649074074074074 0.05364583333333333 0.1037037037037037
0 0.7658854166666667 0.6606481481481481 0.0234375 0.09537037037037037
0 0.9708333333333333 0.6611111111111111 0.016666666666666666 0.06296296296296296
0 0.26953125 0.6611111111111111 0.0609375 0.12222222222222222
0 0.78984375 0.6689814814814815 0.0234375 0.09537037037037037
0 0.8083333333333333 0.6703703703703704 0.01875 0.09259259259259259
0 0.8265625 0.675 0.01875 0.09074074074074075
0 0.8455729166666667 0.675 0.019270833333333334 0.08333333333333333
0 0.8606770833333334 0.675 0.016145833333333335 0.08333333333333333
0 0.32421875 0.6763888888888889 0.058854166666666666 0.12314814814814815
0 0.8877604166666667 0.6787037037037037 0.0109375 0.07037037037037037
0 0.9002604166666667 0.6791666666666667 0.011979166666666667 0.07314814814814814
0 0.8755208333333333 0.6819444444444445 0.014583333333333334 0.08055555555555556
0 0.9791666666666666 0.6833333333333333 0.014583333333333334 0.05740740740740741
0 0.91484375 0.6837962962962963 0.0171875 0.05648148148148148
0 0.9252604166666667 0.6888888888888889 0.0078125 0.05925925925925926
0 0.9434895833333333 0.6944444444444444 0.013020833333333334 0.06481481481481481
0 0.41953125 0.6986111111111111 0.058854166666666666 0.1175925925925926
0 0.9348958333333334 0.6995370370370371 0.015625 0.0787037037037037
0 0.9591145833333333 0.6995370370370371 0.011979166666666667 0.05462962962962963
0 0.9520833333333333 0.7032407407407407 0.007291666666666667 0.06018518518518518
0 0.3645833333333333 0.7037037037037037 0.06145833333333333 0.12407407407407407
0 0.47421875 0.7134259259259259 0.050520833333333334 0.10462962962962963
0 0.8981770833333333 0.7439814814814815 0.028645833333333332 0.04537037037037037
0 0.9893229166666667 0.7555555555555555 0.019270833333333334 0.05925925925925926
0 0.9583333333333334 0.8180555555555555 0.023958333333333335 0.032407407407407406
0 0.9223958333333333 0.8217592592592593 0.025 0.03425925925925926
0 0.9953125 0.8222222222222222 0.009375 0.06296296296296296
0 0.9752604166666666 0.8263888888888888 0.0203125 0.03425925925925926
0 0.8643229166666667 0.8277777777777777 0.03697916666666667 0.044444444444444446
0 0.89609375 0.8333333333333334 0.030729166666666665 0.03888888888888889
0 0.8247395833333333 0.8407407407407408 0.0328125 0.04259259259259259
0 0.7828125 0.8486111111111111 0.06041666666666667 0.049074074074074076
0 0.7291666666666666 0.8532407407407407 0.04895833333333333 0.04722222222222222
0 0.59375 0.8587962962962963 0.07395833333333333 0.05462962962962963
0 0.6635416666666667 0.8629629629629629 0.05416666666666667 0.05185185185185185