0 0.8190104166666666 0.5263888888888889 0.025520833333333333 0.08055555555555556
0 0.8364583333333333 0.5314814814814814 0.01875 0.07962962962962963
0 0.85078125 0.5398148148148149 0.019270833333333334 0.07407407407407407
0 0.8989583333333333 0.5675925925925925 0.023958333333333335 0.06851851851851852
0 0.010677083333333334 0.5768518518518518 0.0203125 0.07962962962962963
0 0.91953125 0.5787037037037037 0.019270833333333334 0.06111111111111111
0 0.9369791666666667 0.5898148148148148 0.022916666666666665 0.07037037037037037
0 0.5388020833333333 0.6037037037037037 0.0359375 0.11666666666666667
0 0.5736979166666667 0.6069444444444444 0.0390625 0.125
0 0.03125 0.612037037037037 0.053125 0.1
0 0.6106770833333334 0.6148148148148148 0.0359375 0.12222222222222222
0 0.14557291666666666 0.6152777777777778 0.0484375 0.1398148148148148
0 0.07760416666666667 0.6180555555555556 0.075 0.13055555555555556
0 0.95703125 0.6217592592592592 0.022395833333333334 0.062037037037037036
0 0.6528645833333333 0.6361111111111111 0.033854166666666664 0.1111111111111111
0 0.6848958333333334 0.6370370370370371 0.027083333333333334 0.10925925925925926
0 0.7419270833333333 0.6453703703703704 0.030729166666666665 0.1111111111111111
0 0.71484375 0.6458333333333334 0.034895833333333334 0.11944444444444445
0 0.2109375 0.6537037037037037 0.071875 0.12407407407407407
0 0.7653645833333333 0.6601851851851852 0.028645833333333332 0.0962962962962963
0 0.96953125 0.6606481481481481 0.013020833333333334 0.049074074074074076
0 0.7903645833333334 0.6666666666666666 0.027604166666666666 0.09814814814814815
0 0.27578125 0.6666666666666666 0.059895833333333336 0.11851851851851852
0 0.8065104166666667 0.6694444444444444 0.024479166666666666 0.09259259259259259
0 0.8286458333333333 0.6712962962962963 0.020833333333333332 0.07962962962962963
0 0.8598958333333333 0.6754629629629629 0.020833333333333332 0.08425925925925926
0 0.8447916666666667 0.6768518518518518 0.022916666666666665 0.08518518518518518
0 0.32578125 0.6773148148148148 0.06614583333333333 0.13240740740740742
0 0.8875 0.6796296296296296 0.015625 0.07222222222222222
0 0.8755208333333333 0.6833333333333333 0.01875 0.08148148148148149
0 0.90078125 0.6856481481481481 0.013020833333333334 0.06388888888888888
0 0.91328125 0.6865740740740741 0.018229166666666668 0.06574074074074074
0 0.98125 0.6893518518518519 0.013541666666666667 0.05092592592592592
0 0.9229166666666667 0.6898148148148148 0.015625 0.06481481481481481
0 0.37447916666666664 0.6930555555555555 0.06770833333333333 0.12685185185185185
0 0.94296875 0.6939814814814815 0.011979166666666667 0.06944444444444445
0 0.9520833333333333 0.6990740740740741 0.011458333333333333 0.05555555555555555
0 0.9588541666666667 0.700925925925926 0.014583333333333334 0.053703703703703705
0 0.9338541666666667 0.7023148148148148 0.013541666666666667 0.06759259259259259
0 0.475 0.7138888888888889 0.05416666666666667 0.11296296296296296
0 0.9872395833333333 0.7555555555555555 0.0171875 0.05925925925925926
0 0.92109375 0.8208333333333333 0.025520833333333333 0.03611111111111111
0 0.95703125 0.8208333333333333 0.027604166666666666 0.03796296296296296
0 0.97734375 0.825 0.0234375 0.03518518518518519
0 0.8971354166666666 0.8291666666666667 0.030729166666666665 0.03981481481481482
0 0.8645833333333334 0.8300925925925926 0.035416666666666666 0.04722222222222222
0 0.821875 0.8412037037037037 0.034375 0.049074074074074076
0 0.7799479166666666 0.8481481481481481 0.04635416666666667 0.053703703703703705
0 0.72890625 0.8532407407407407 0.0515625 0.05648148148148148
0 0.6643229166666667 0.8638888888888889 0.0734375 0.06481481481481481
0 0.584375 0.8703703703703703 0.078125 0.06111111111111111