0 0.7791666666666667 0.5120370370370371 0.027083333333333334 0.08703703703703704
0 0.8046875 0.5212962962962963 0.019791666666666666 0.07222222222222222
0 0.8197916666666667 0.5291666666666667 0.016666666666666666 0.07314814814814814
0 0.8364583333333333 0.5333333333333333 0.01875 0.07407407407407407
0 0.853125 0.5416666666666666 0.01875 0.07222222222222222
0 0.87109375 0.5546296296296296 0.0203125 0.06296296296296296
0 0.005729166666666666 0.5583333333333333 0.011458333333333333 0.053703703703703705
0 0.8846354166666667 0.5625 0.0140625 0.062037037037037036
0 0.8986979166666667 0.5675925925925925 0.018229166666666668 0.05925925925925926
0 0.9125 0.575925925925926 0.011458333333333333 0.053703703703703705
0 0.91953125 0.5787037037037037 0.011979166666666667 0.05925925925925926
0 0.9283854166666666 0.5861111111111111 0.0140625 0.06296296296296296
0 0.9408854166666667 0.5884259259259259 0.0109375 0.062037037037037036
0 0.5359375 0.600462962962963 0.03125 0.11018518518518519
0 0.02265625 0.6069444444444444 0.0453125 0.09537037037037037
0 0.5861979166666667 0.6208333333333333 0.0328125 0.11944444444444445
0 0.05859375 0.6212962962962963 0.0640625 0.10925925925925926
0 0.6520833333333333 0.6259259259259259 0.030208333333333334 0.10555555555555556
0 0.6200520833333333 0.6268518518518519 0.0296875 0.11296296296296296
0 0.6828125 0.6310185185185185 0.03229166666666667 0.10833333333333334
0 0.9596354166666666 0.6328703703703704 0.016145833333333335 0.062037037037037036
0 0.7130208333333333 0.6439814814814815 0.028125 0.11388888888888889
0 0.19791666666666666 0.6449074074074074 0.06458333333333334 0.13240740740740742
0 0.24505208333333334 0.6523148148148148 0.058854166666666666 0.14351851851851852
0 0.10052083333333334 0.6597222222222222 0.042708333333333334 0.0824074074074074
0 0.76484375 0.6611111111111111 0.022395833333333334 0.09259259259259259
0 0.7861979166666667 0.6638888888888889 0.028645833333333332 0.10555555555555556
0 0.7416666666666667 0.6648148148148149 0.03125 0.10740740740740741
0 0.9744791666666667 0.6671296296296296 0.013541666666666667 0.058333333333333334
0 0.8059895833333334 0.6726851851851852 0.0265625 0.09722222222222222
0 0.29375 0.6726851851851852 0.057291666666666664 0.13055555555555556
0 0.8276041666666667 0.6787037037037037 0.020833333333333332 0.08703703703703704
0 0.8747395833333333 0.6805555555555556 0.016145833333333335 0.08333333333333333
0 0.8455729166666667 0.6810185185185185 0.0203125 0.08611111111111111
0 0.8984375 0.6810185185185185 0.014583333333333334 0.0712962962962963
0 0.8604166666666667 0.6814814814814815 0.021875 0.08518518518518518
0 0.9104166666666667 0.6828703703703703 0.013541666666666667 0.06018518518518518
0 0.88671875 0.6842592592592592 0.0171875 0.08333333333333333
0 0.34609375 0.6875 0.06302083333333333 0.13055555555555556
0 0.9229166666666667 0.6888888888888889 0.014583333333333334 0.06111111111111111
0 0.98203125 0.6925925925925925 0.0140625 0.053703703703703705
0 0.9341145833333333 0.6930555555555555 0.011979166666666667 0.06759259259259259
0 0.94140625 0.6935185185185185 0.011979166666666667 0.06851851851851852
0 0.9518229166666666 0.6990740740740741 0.0109375 0.06851851851851852
0 0.9604166666666667 0.7027777777777777 0.010416666666666666 0.05555555555555555
0 0.40182291666666664 0.7041666666666667 0.0703125 0.12314814814814815
0 0.46171875 0.7208333333333333 0.07239583333333334 0.12685185185185185
0 0.98984375 0.7587962962962963 0.0140625 0.05092592592592592
0 0.92109375 0.8212962962962963 0.0234375 0.03148148148148148
0 0.95625 0.8212962962962963 0.026041666666666668 0.03333333333333333
0 0.8932291666666666 0.8236111111111111 0.029166666666666667 0.03981481481481482
0 0.8591145833333333 0.8333333333333334 0.0296875 0.040740740740740744
0 0.77890625 0.8476851851851852 0.0453125 0.049074074074074076
0 0.7276041666666667 0.8578703703703704 0.04479166666666667 0.05462962962962963
0 0.6630208333333333 0.8606481481481482 0.065625 0.05462962962962963
0 0.5765625 0.8675925925925926 0.075 0.06666666666666667