0 0.7830729166666667 0.5115740740740741 0.03177083333333333 0.09351851851851851
0 0.80234375 0.5180555555555556 0.024479166666666666 0.08055555555555556
0 0.8203125 0.5305555555555556 0.019791666666666666 0.06851851851851852
0 0.8364583333333333 0.5333333333333333 0.021875 0.07407407407407407
0 0.8729166666666667 0.5550925925925926 0.023958333333333335 0.07685185185185185
0 0.005208333333333333 0.562962962962963 0.009375 0.06481481481481481
0 0.8856770833333333 0.5634259259259259 0.015104166666666667 0.06018518518518518
0 0.89921875 0.5666666666666667 0.018229166666666668 0.06666666666666667
0 0.9119791666666667 0.5736111111111111 0.013541666666666667 0.05277777777777778
0 0.9278645833333333 0.5842592592592593 0.016145833333333335 0.05925925925925926
0 0.9393229166666667 0.5888888888888889 0.0140625 0.06481481481481481
0 0.5375 0.6013888888888889 0.03229166666666667 0.11203703703703703
0 0.022395833333333334 0.6064814814814815 0.04479166666666667 0.0962962962962963
0 0.14270833333333333 0.6106481481481482 0.03125 0.125
0 0.5770833333333333 0.6180555555555556 0.035416666666666666 0.11944444444444445
0 0.05625 0.6194444444444445 0.06041666666666667 0.10925925925925926
0 0.6203125 0.6277777777777778 0.03333333333333333 0.11296296296296296
0 0.9604166666666667 0.6314814814814815 0.01875 0.05555555555555555
0 0.6830729166666667 0.6324074074074074 0.03177083333333333 0.10740740740740741
0 0.65234375 0.6342592592592593 0.027604166666666666 0.10925925925925926
0 0.7127604166666667 0.6425925925925926 0.030729166666666665 0.11481481481481481
0 0.19817708333333334 0.6444444444444445 0.0609375 0.13148148148148148
0 0.10104166666666667 0.6569444444444444 0.04375 0.08055555555555556
0 0.24869791666666666 0.6597222222222222 0.058854166666666666 0.13055555555555556
0 0.7645833333333333 0.6625 0.026041666666666668 0.09537037037037037
0 0.7427083333333333 0.6643518518518519 0.03125 0.10833333333333334
0 0.7872395833333333 0.6643518518518519 0.03177083333333333 0.10462962962962963
0 0.97421875 0.6685185185185185 0.0171875 0.07037037037037037
0 0.8067708333333333 0.6717592592592593 0.023958333333333335 0.09907407407407408
0 0.29453125 0.6717592592592593 0.058854166666666666 0.13425925925925927
0 0.8838541666666667 0.6768518518518518 0.016666666666666666 0.07037037037037037
0 0.8268229166666666 0.6773148148148148 0.021354166666666667 0.08796296296296297
0 0.86015625 0.6791666666666667 0.021354166666666667 0.08981481481481482
0 0.84453125 0.6814814814814815 0.019270833333333334 0.08703703703703704
0 0.8752604166666667 0.6824074074074075 0.015104166666666667 0.08703703703703704
0 0.8989583333333333 0.6828703703703703 0.014583333333333334 0.0712962962962963
0 0.9114583333333334 0.6837962962962963 0.014583333333333334 0.06018518518518518
0 0.35130208333333335 0.687037037037037 0.06510416666666667 0.1259259259259259
0 0.921875 0.6875 0.0125 0.06018518518518518
0 0.9833333333333333 0.6916666666666667 0.011458333333333333 0.05555555555555555
0 0.9330729166666667 0.6944444444444444 0.0140625 0.07037037037037037
0 0.9434895833333333 0.6949074074074074 0.0140625 0.06759259259259259
0 0.95234375 0.700925925925926 0.009895833333333333 0.06111111111111111
0 0.9609375 0.7083333333333334 0.010416666666666666 0.06111111111111111
0 0.4778645833333333 0.7134259259259259 0.07239583333333334 0.09722222222222222
0 0.4049479166666667 0.7143518518518519 0.058854166666666666 0.11203703703703703
0 0.9854166666666667 0.7675925925925926 0.016666666666666666 0.053703703703703705
0 0.9372395833333333 0.7787037037037037 0.0421875 0.05185185185185185
0 0.20234375 0.7870370370370371 0.07864583333333333 0.08333333333333333
0 0.8565104166666667 0.7912037037037037 0.0328125 0.03981481481481482
0 0.9546875 0.8203703703703704 0.021875 0.03333333333333333
0 0.92265625 0.8212962962962963 0.021354166666666667 0.03333333333333333
0 0.9768229166666667 0.8240740740740741 0.0234375 0.03148148148148148
0 0.8971354166666666 0.8273148148148148 0.033854166666666664 0.03981481481481482
0 0.8591145833333333 0.8342592592592593 0.028645833333333332 0.040740740740740744
0 0.8239583333333333 0.837037037037037 0.03229166666666667 0.04259259259259259
0 0.7244791666666667 0.8379629629629629 0.05625 0.05925925925925926
0 0.7822916666666667 0.8472222222222222 0.046875 0.05