0 0.8341145833333333 0.5319444444444444 0.0265625 0.07685185185185185
0 0.8515625 0.5412037037037037 0.019791666666666666 0.0712962962962963
0 0.8841145833333334 0.5606481481481481 0.022395833333333334 0.06574074074074074
0 0.90078125 0.5694444444444444 0.022395833333333334 0.06851851851851852
0 0.9184895833333333 0.5773148148148148 0.022395833333333334 0.06574074074074074
0 0.0125 0.5787037037037037 0.022916666666666665 0.09259259259259259
0 0.93046875 0.5842592592592593 0.016145833333333335 0.06296296296296296
0 0.5395833333333333 0.6060185185185185 0.036458333333333336 0.11574074074074074
0 0.57734375 0.6101851851851852 0.03177083333333333 0.11851851851851852
0 0.6114583333333333 0.6129629629629629 0.034375 0.12222222222222222
0 0.03177083333333333 0.6148148148148148 0.053125 0.10740740740740741
0 0.078125 0.6157407407407407 0.06666666666666667 0.1259259259259259
0 0.9588541666666667 0.6189814814814815 0.025 0.06759259259259259
0 0.65234375 0.6342592592592593 0.030729166666666665 0.1111111111111111
0 0.6833333333333333 0.6370370370370371 0.03333333333333333 0.10925925925925926
0 0.71484375 0.6453703703703704 0.034895833333333334 0.11666666666666667
0 0.9700520833333334 0.6532407407407408 0.016145833333333335 0.062037037037037036
0 0.7627604166666667 0.6648148148148149 0.030729166666666665 0.10185185185185185
0 0.78984375 0.6694444444444444 0.0265625 0.0962962962962963
0 0.8072916666666666 0.6717592592592593 0.025 0.09722222222222222
0 0.8268229166666666 0.6731481481481482 0.025520833333333333 0.08888888888888889
0 0.8591145833333333 0.6731481481481482 0.022395833333333334 0.08333333333333333
0 0.8440104166666667 0.674537037037037 0.024479166666666666 0.08981481481481482
0 0.88515625 0.6777777777777778 0.018229166666666668 0.07037037037037037
0 0.30885416666666665 0.6805555555555556 0.059375 0.13333333333333333
0 0.87265625 0.6819444444444445 0.021354166666666667 0.08425925925925926
0 0.8986979166666667 0.6851851851851852 0.019270833333333334 0.07037037037037037
0 0.9145833333333333 0.6884259259259259 0.016666666666666666 0.062037037037037036
0 0.9809895833333333 0.6898148148148148 0.016145833333333335 0.05185185185185185
0 0.9247395833333333 0.6912037037037037 0.0140625 0.06759259259259259
0 0.36354166666666665 0.6912037037037037 0.06875 0.13055555555555556
0 0.9424479166666667 0.6949074074074074 0.018229166666666668 0.06759259259259259
0 0.9583333333333334 0.6986111111111111 0.019791666666666666 0.05648148148148148
0 0.934375 0.7 0.017708333333333333 0.05925925925925926
0 0.42109375 0.7037037037037037 0.0609375 0.12407407407407407
0 0.5138020833333333 0.7143518518518519 0.04739583333333333 0.11203703703703703
0 0.47604166666666664 0.7152777777777778 0.05520833333333333 0.11018518518518519
0 0.7385416666666667 0.7351851851851852 0.03958333333333333 0.11851851851851852
0 0.9598958333333333 0.8194444444444444 0.027083333333333334 0.037037037037037035
0 0.9213541666666667 0.8203703703703704 0.029166666666666667 0.03518518518518519
0 0.8953125 0.8287037037037037 0.029166666666666667 0.040740740740740744
0 0.9783854166666667 0.8291666666666667 0.0265625 0.041666666666666664
0 0.86640625 0.8300925925925926 0.03697916666666667 0.049074074074074076
0 0.821875 0.8416666666666667 0.0375 0.04814814814814815
0 0.7809895833333333 0.8462962962962963 0.0515625 0.044444444444444446
0 0.6658854166666667 0.862037037037037 0.07135416666666666 0.053703703703703705