0 0.81875 0.5310185185185186 0.021875 0.06759259259259259
0 0.8359375 0.5337962962962963 0.019791666666666666 0.07314814814814814
0 0.8518229166666667 0.5416666666666666 0.0203125 0.07407407407407407
0 0.0049479166666666664 0.5578703703703703 0.009895833333333333 0.05462962962962963
0 0.8828125 0.5583333333333333 0.021875 0.06666666666666667
0 0.89921875 0.5671296296296297 0.018229166666666668 0.06388888888888888
0 0.9109375 0.5740740740740741 0.0125 0.05185185185185185
0 0.9213541666666667 0.5842592592592593 0.010416666666666666 0.05
0 0.93046875 0.5856481481481481 0.011979166666666667 0.05648148148148148
0 0.9385416666666667 0.5875 0.013541666666666667 0.06018518518518518
0 0.5369791666666667 0.6023148148148149 0.03229166666666667 0.11018518518518519
0 0.022395833333333334 0.6064814814814815 0.04479166666666667 0.09814814814814815
0 0.6203125 0.6282407407407408 0.034375 0.11388888888888889
0 0.6841145833333333 0.6310185185185185 0.03177083333333333 0.10833333333333334
0 0.5802083333333333 0.6333333333333333 0.036458333333333336 0.11481481481481481
0 0.959375 0.6333333333333333 0.019791666666666666 0.053703703703703705
0 0.6515625 0.6351851851851852 0.03125 0.10925925925925926
0 0.7127604166666667 0.6444444444444445 0.030729166666666665 0.1111111111111111
0 0.19921875 0.6467592592592593 0.0609375 0.1287037037037037
0 0.10130208333333333 0.6611111111111111 0.044270833333333336 0.08518518518518518
0 0.24505208333333334 0.6611111111111111 0.05572916666666667 0.11851851851851852
0 0.765625 0.6625 0.023958333333333335 0.09166666666666666
0 0.7416666666666667 0.6638888888888889 0.03125 0.10925925925925926
0 0.7875 0.6638888888888889 0.028125 0.1037037037037037
0 0.9744791666666667 0.6662037037037037 0.019791666666666666 0.06759259259259259
0 0.8072916666666666 0.6708333333333333 0.022916666666666665 0.09907407407407408
0 0.29453125 0.6722222222222223 0.05572916666666667 0.13148148148148148
0 0.8260416666666667 0.6736111111111112 0.022916666666666665 0.08981481481481482
0 0.884375 0.6768518518518518 0.016666666666666666 0.07592592592592592
0 0.8453125 0.6805555555555556 0.019791666666666666 0.08518518518518518
0 0.8981770833333333 0.6814814814814815 0.015104166666666667 0.07407407407407407
0 0.8598958333333333 0.6819444444444445 0.020833333333333332 0.08611111111111111
0 0.87421875 0.6819444444444445 0.018229166666666668 0.08611111111111111
0 0.9096354166666667 0.6828703703703703 0.015104166666666667 0.058333333333333334
0 0.3450520833333333 0.6851851851851852 0.0609375 0.1259259259259259
0 0.9216145833333333 0.687962962962963 0.015104166666666667 0.05925925925925926
0 0.98203125 0.6921296296296297 0.013020833333333334 0.058333333333333334
0 0.9424479166666667 0.6939814814814815 0.011979166666666667 0.06574074074074074
0 0.9333333333333333 0.6944444444444444 0.013541666666666667 0.07222222222222222
0 0.95234375 0.6995370370370371 0.0109375 0.06388888888888888
0 0.40390625 0.7134259259259259 0.05572916666666667 0.10833333333333334
0 0.47630208333333335 0.7152777777777778 0.07447916666666667 0.10092592592592593
0 0.98984375 0.7606481481481482 0.0140625 0.05092592592592592
0 0.95703125 0.8203703703703704 0.025520833333333333 0.03333333333333333
0 0.9208333333333333 0.8226851851851852 0.021875 0.03425925925925926
0 0.89765625 0.8277777777777777 0.034895833333333334 0.04259259259259259
0 0.8588541666666667 0.8310185185185185 0.029166666666666667 0.03796296296296296
0 0.82265625 0.8407407407407408 0.04114583333333333 0.046296296296296294
0 0.7786458333333334 0.8490740740740741 0.04375 0.044444444444444446
0 0.65859375 0.862037037037037 0.0515625 0.044444444444444446