0 0.8005208333333333 0.5162037037037037 0.027083333333333334 0.0787037037037037
0 0.8348958333333333 0.5314814814814814 0.029166666666666667 0.07962962962962963
0 0.8520833333333333 0.5462962962962963 0.014583333333333334 0.06481481481481481
0 0.89765625 0.5675925925925925 0.0203125 0.06666666666666667
0 0.011979166666666667 0.5740740740740741 0.021875 0.06481481481481481
0 0.9268229166666667 0.5856481481481481 0.019270833333333334 0.05277777777777778
0 0.5359375 0.6013888888888889 0.036458333333333336 0.11018518518518519
0 0.030989583333333334 0.6087962962962963 0.05677083333333333 0.10648148148148148
0 0.14244791666666667 0.6148148148148148 0.0421875 0.12222222222222222
0 0.5786458333333333 0.6212962962962963 0.040625 0.13518518518518519
0 0.6190104166666667 0.6268518518518519 0.0296875 0.11666666666666667
0 0.6515625 0.6347222222222222 0.029166666666666667 0.11574074074074074
0 0.06276041666666667 0.6370370370370371 0.05260416666666667 0.0962962962962963
0 0.6830729166666667 0.6407407407407407 0.0328125 0.10555555555555556
0 0.7127604166666667 0.6453703703703704 0.03177083333333333 0.11296296296296296
0 0.20703125 0.649537037037037 0.05677083333333333 0.12314814814814815
0 0.76328125 0.6625 0.028645833333333332 0.09907407407407408
0 0.7888020833333333 0.6643518518518519 0.0265625 0.10277777777777777
0 0.2546875 0.6680555555555555 0.05520833333333333 0.12685185185185185
0 0.8583333333333333 0.6787037037037037 0.021875 0.08888888888888889
0 0.8263020833333333 0.6796296296296296 0.027604166666666666 0.09074074074074075
0 0.8861979166666667 0.6796296296296296 0.0140625 0.07407407407407407
0 0.3106770833333333 0.6800925925925926 0.06197916666666667 0.125
0 0.8744791666666667 0.6814814814814815 0.016666666666666666 0.08703703703703704
0 0.89921875 0.6842592592592592 0.013020833333333334 0.07592592592592592
0 0.9127604166666666 0.6842592592592592 0.009895833333333333 0.06666666666666667
0 0.9234375 0.6888888888888889 0.010416666666666666 0.07037037037037037
0 0.95234375 0.6949074074074074 0.0109375 0.06574074074074074
0 0.9421875 0.6962962962962963 0.013541666666666667 0.06666666666666667
0 0.9346354166666667 0.6976851851851852 0.0140625 0.07314814814814814
0 0.4192708333333333 0.7050925925925926 0.06145833333333333 0.12129629629629629
0 0.9625 0.7060185185185185 0.009375 0.049074074074074076
0 0.46875 0.725925925925926 0.06458333333333334 0.13703703703703704
0 0.9846354166666667 0.7388888888888889 0.0140625 0.05925925925925926
0 0.9752604166666666 0.8027777777777778 0.0234375 0.05
0 0.9955729166666667 0.8236111111111111 0.008854166666666666 0.062037037037037036
0 0.9208333333333333 0.8240740740740741 0.022916666666666665 0.03333333333333333
0 0.89296875 0.8273148148148148 0.033854166666666664 0.030555555555555555
0 0.7690104166666667 0.8398148148148148 0.04114583333333333 0.04259259259259259